undirected weighted
1 473 551
1 797 1373
1 941 1532
1 659 1864
2 615 1078
2 137 229
2 357 329
2 697 1121
3 532 755
3 879 619
3 889 532
3 693 1620
4 644 600
4 194 447
4 939 1317
4 106 1143
5 659 1138
5 772 979
5 9 866
5 998 938
6 46 1447
6 929 1871
6 499 1855
6 342 261
7 743 538
7 171 1482
7 993 1402
7 691 1068
8 616 545
8 333 2304
8 285 1136
8 836 427
9 452 1728
9 617 1250
9 709 1644
9 466 509
10 766 1245
10 276 885
10 305 2542
10 950 1559
11 731 1069
11 950 1751
11 552 1730
11 570 407
12 609 642
12 24 909
12 927 1302
12 968 989
13 499 1678
13 482 852
13 943 1862
13 529 630
14 730 916
14 382 760
14 463 1201
14 766 1218
15 431 1955
15 266 832
15 575 1295
15 299 630
16 377 1557
16 22 180
16 179 1759
16 56 1369
17 431 949
17 371 542
17 517 597
17 649 1813
18 814 370
18 447 1083
18 304 1515
18 481 1305
19 754 981
19 264 1637
19 610 1033
19 627 1212
20 707 178
20 763 1072
20 861 600
20 475 1646
21 472 1319
21 223 1490
21 884 524
21 857 896
22 8 673
22 862 1662
22 479 1790
22 728 1263
23 50 2070
23 270 552
23 184 1001
23 429 1516
24 396 1735
24 81 448
24 364 671
24 667 1064
25 366 1335
25 870 2182
25 376 1872
25 635 1132
26 436 1797
26 349 631
26 417 1261
26 722 590
27 731 203
27 533 1014
27 608 1122
27 178 401
28 48 1340
28 867 1306
28 868 1525
28 620 1947
29 592 585
29 127 1243
29 883 1198
29 192 1654
30 627 1056
30 241 1810
30 144 1021
30 516 1831
31 497 847
31 533 1242
31 518 929
31 969 560
32 171 1114
32 69 1060
32 759 1237
32 236 516
33 83 552
33 790 692
33 488 558
33 769 989
34 349 841
34 983 477
34 510 1358
34 320 1508
35 464 1566
35 13 500
35 867 1549
35 909 466
36 97 1017
36 805 1267
36 999 541
36 828 1217
37 704 584
37 707 485
37 170 1053
37 988 970
38 95 1139
38 969 2118
38 750 273
38 961 548
39 859 403
39 264 1024
39 362 520
39 686 561
40 255 582
40 129 183
40 35 1132
40 28 815
41 634 1841
41 861 1630
41 585 1390
41 492 1325
42 729 641
42 211 1445
42 839 1534
42 364 1305
43 398 1689
43 99 1398
43 207 883
43 944 420
44 691 428
44 723 1053
44 785 1398
44 871 1438
45 717 1096
45 357 1665
45 919 1188
45 912 1554
46 143 1238
46 345 1257
46 750 418
46 865 1059
47 518 1370
47 609 935
47 7 1674
47 22 1421
48 286 2241
48 526 981
48 183 1729
48 118 1926
49 134 1451
49 54 1295
49 51 750
49 956 410
50 15 1538
50 978 1417
50 813 468
50 304 1613
51 637 947
51 972 402
51 269 303
51 988 1005
52 607 938
52 61 1208
52 136 992
52 855 728
53 352 1937
53 897 1951
53 381 526
53 57 1125
54 801 934
54 68 1291
54 202 1447
54 13 564
55 639 599
55 476 1109
55 733 658
55 83 576
56 445 1134
56 13 868
56 302 785
56 265 553
57 138 701
57 898 860
57 263 646
57 105 1148
58 903 404
58 982 1313
58 866 593
58 681 1242
59 270 1415
59 103 1531
59 74 2020
59 537 780
60 427 1386
60 95 1874
60 932 869
60 186 1025
61 669 178
61 735 682
61 103 1736
61 328 1868
62 743 1299
62 267 1362
62 384 1186
62 985 1504
63 231 1435
63 647 645
63 391 1001
63 995 245
64 600 1218
64 491 766
64 989 1027
64 314 1519
65 287 311
65 440 804
65 475 1915
65 456 1260
66 778 606
66 706 1474
66 430 521
66 589 1306
67 789 1244
67 377 1507
67 539 1333
67 581 902
68 832 1095
68 812 887
68 705 1883
68 615 1696
69 705 2324
69 191 2248
69 888 1262
69 40 497
70 941 1428
70 267 1584
70 768 604
70 522 1304
71 930 1321
71 302 1049
71 378 421
71 861 1059
72 940 1944
72 630 1355
72 198 608
72 916 1282
73 616 1233
73 127 1030
73 432 779
73 812 1496
74 178 1103
74 745 1238
74 631 1187
74 555 942
75 820 548
75 522 1181
75 214 858
75 219 745
76 248 1277
76 938 1716
76 900 1304
76 556 1080
77 917 270
77 420 801
77 47 1124
77 660 1582
78 592 2073
78 658 820
78 776 1815
78 799 352
79 58 541
79 420 1108
79 317 575
79 473 569
80 955 1199
80 958 1664
80 834 1906
80 119 914
81 210 286
81 418 1426
81 534 1209
81 224 1155
82 9 1183
82 992 302
82 244 1069
82 342 1401
83 743 1216
83 612 1009
83 227 891
83 154 837
84 59 1499
84 648 1488
84 950 1135
84 339 1765
85 688 1525
85 564 1086
85 815 988
85 805 230
86 507 1101
86 457 1361
86 352 1826
86 802 1678
87 870 1858
87 770 1325
87 696 273
87 800 1802
88 107 657
88 588 1054
88 779 807
88 894 598
89 640 726
89 622 1507
89 813 1179
89 491 437
90 784 588
90 239 1738
90 733 376
90 563 299
91 618 1480
91 52 991
91 476 1646
91 444 922
92 265 887
92 825 1974
92 839 280
92 569 636
93 402 1433
93 376 891
93 55 727
93 602 1113
94 494 2255
94 350 1442
94 483 1395
94 833 672
95 558 1583
95 5 890
95 760 1732
95 517 589
96 300 1178
96 598 1564
96 727 384
96 102 1475
97 606 1154
97 154 1226
97 327 1264
97 245 1024
98 461 399
98 633 1938
98 766 564
98 726 2230
99 892 222
99 739 890
99 878 387
99 515 1549
100 448 668
100 188 1212
100 528 563
100 561 466
101 489 569
101 226 208
101 456 1688
101 820 708
102 881 865
102 432 1486
102 960 1673
102 416 1673
103 217 1077
103 430 207
103 444 1186
103 432 1761
104 176 1448
104 5 588
104 88 838
104 808 1859
105 613 1742
105 176 322
105 210 1838
105 94 1215
106 87 955
106 494 1895
106 790 1340
106 113 1497
107 269 772
107 821 234
107 684 717
107 357 1002
108 418 1706
108 527 674
108 753 986
108 235 911
109 484 1219
109 769 172
109 974 462
109 519 945
110 309 1087
110 164 1026
110 741 922
110 685 673
111 909 1196
111 62 1470
111 613 707
111 624 729
112 262 790
112 31 922
112 138 1796
112 487 1484
113 146 1454
113 292 316
113 314 1751
113 595 1774
114 4 730
114 271 1715
114 489 1817
114 64 1594
115 134 1969
115 35 1747
115 384 606
115 346 793
116 174 361
116 935 1559
116 231 575
116 460 581
117 608 794
117 874 1405
117 246 1621
117 293 875
118 514 1179
118 515 802
118 172 1788
118 219 280
119 454 1642
119 875 1642
119 614 1685
119 65 935
120 961 479
120 375 1506
120 377 1275
120 534 1844
121 779 1067
121 310 1020
121 13 1364
121 410 1064
122 605 1740
122 882 1843
122 227 2088
122 548 938
123 216 1724
123 836 1451
123 713 280
123 720 1241
124 921 670
124 48 1166
124 346 904
124 212 1141
125 554 2099
125 295 1411
125 149 1587
125 191 2471
126 853 927
126 280 761
126 595 310
126 798 1743
127 470 939
127 531 303
127 975 733
127 762 406
128 273 1151
128 192 1743
128 706 888
128 523 1237
129 688 299
129 540 897
129 957 1544
129 456 1484
130 513 717
130 821 1217
130 426 966
130 960 778
131 221 707
131 226 630
131 940 1239
131 40 1166
132 985 2068
132 253 669
132 523 1970
132 350 200
133 986 1318
133 357 1128
133 785 1582
133 761 690
134 537 762
134 742 381
134 776 1087
134 862 531
135 442 965
135 466 994
135 769 224
135 824 1023
136 812 1068
136 992 1305
136 60 575
136 191 1950
137 810 931
137 35 1225
137 28 1533
137 93 344
138 363 1110
138 340 1363
138 121 1108
138 627 1220
139 731 1054
139 357 1632
139 658 916
139 511 1482
140 788 917
140 7 1898
140 200 1704
140 994 2404
141 114 1003
141 233 768
141 56 582
141 476 771
142 550 1087
142 186 129
142 370 994
142 110 863
143 892 1593
143 51 696
143 192 800
143 929 1800
144 637 302
144 930 1346
144 298 1303
144 738 1347
145 787 1013
145 783 1118
145 101 2062
145 160 1142
146 688 326
146 893 683
146 973 969
146 219 1619
147 505 905
147 729 691
147 648 1490
147 399 1169
148 56 1263
148 53 2121
148 928 1787
148 616 1306
149 430 1147
149 194 901
149 967 695
149 687 761
150 522 179
150 546 951
150 398 128
150 488 1381
151 931 413
151 596 872
151 740 760
151 331 534
152 646 977
152 930 622
152 664 1297
152 438 1434
153 452 395
153 338 671
153 353 1784
153 596 469
154 978 846
154 300 1225
154 686 1073
154 85 1437
155 756 1423
155 192 2510
155 985 863
155 959 1728
156 127 584
156 907 323
156 70 963
156 935 1175
157 456 534
157 82 661
157 299 1040
157 131 608
158 227 1869
158 859 1038
158 790 1483
158 364 1336
159 76 1023
159 765 1217
159 182 1626
159 887 635
160 802 617
160 68 727
160 956 760
160 709 971
161 134 548
161 533 930
161 825 1842
161 687 1637
162 329 985
162 238 440
162 339 1590
162 877 1617
163 543 1012
163 853 344
163 237 1852
163 307 2019
164 910 810
164 701 1577
164 689 1103
164 564 930
165 323 694
165 959 725
165 743 868
165 565 219
166 920 907
166 522 1630
166 50 1924
166 3 1459
167 948 636
167 310 513
167 860 803
167 72 1215
168 708 405
168 151 1358
168 716 564
168 357 1586
169 963 894
169 715 1386
169 155 1030
169 292 1314
170 600 1970
170 375 823
170 711 443
170 151 1009
171 635 877
171 431 1118
171 480 643
171 663 1495
172 738 1141
172 908 604
172 301 1098
172 57 924
173 579 900
173 510 1129
173 6 187
173 559 211
174 127 907
174 204 1443
174 616 1115
174 295 799
175 692 609
175 496 1730
175 215 1729
175 364 1110
176 437 956
176 619 1171
176 127 1195
176 581 398
177 166 1314
177 322 1483
177 922 1196
177 451 1217
178 231 1206
178 709 1026
178 764 414
178 280 247
179 619 1329
179 192 1675
179 93 1425
179 302 1255
180 645 578
180 380 1365
180 573 612
180 701 764
181 580 2090
181 213 1001
181 515 914
181 625 582
182 282 358
182 380 1579
182 443 402
182 485 622
183 158 1587
183 996 1484
183 78 1768
183 447 573
184 19 1335
184 677 1150
184 813 930
184 252 1382
185 77 438
185 44 1093
185 996 348
185 787 930
186 469 932
186 703 731
186 779 615
186 408 545
187 169 1351
187 587 1108
187 278 1376
187 430 347
188 276 1342
188 897 801
188 600 1514
188 988 1485
189 514 413
189 287 271
189 856 463
189 356 384
190 535 2052
190 29 1164
190 720 1614
190 629 1580
191 776 1640
191 724 1712
191 144 1398
191 104 998
192 849 1401
192 959 976
192 475 2712
192 773 1354
193 2 1382
193 203 747
193 425 1649
193 772 1495
194 122 1195
194 102 1292
194 792 754
194 869 541
195 99 951
195 969 1808
195 284 1013
195 706 854
196 393 1057
196 44 1646
196 808 764
196 676 98
197 686 443
197 492 951
197 446 1301
197 278 1081
198 689 1737
198 235 883
198 748 1781
198 472 2094
199 500 700
199 478 1195
199 295 1276
199 329 765
200 21 1260
200 370 511
200 814 501
200 596 313
201 485 373
201 362 538
201 798 1543
201 840 1520
202 417 537
202 640 1537
202 158 694
202 869 770
203 989 584
203 719 486
203 649 1218
203 127 779
204 983 884
204 948 1134
204 573 1940
204 847 567
205 701 741
205 708 731
205 844 1886
205 952 1750
206 702 1718
206 321 923
206 768 1607
206 152 1726
207 976 222
207 13 1115
207 480 618
207 65 303
208 581 222
208 376 1323
208 221 451
208 269 516
209 321 604
209 910 1462
209 369 1290
209 525 1322
210 557 585
210 67 1557
210 697 1057
210 470 1250
211 958 1225
211 652 2025
211 491 1183
211 776 1750
212 646 1401
212 436 434
212 995 1749
212 544 2143
213 251 1144
213 348 271
213 350 1005
213 199 1547
214 481 1525
214 150 1950
214 441 2203
214 373 2101
215 248 1911
215 2 1051
215 419 884
215 702 1690
216 488 1300
216 543 1212
216 239 1590
216 833 433
217 924 289
217 959 578
217 981 339
217 546 891
218 258 1870
218 741 2153
218 220 1758
218 145 1916
219 757 1592
219 154 1672
219 716 724
219 914 1233
220 226 1622
220 518 1609
220 323 456
220 948 643
221 996 1171
221 385 1225
221 616 728
221 267 1383
222 48 1671
222 805 1123
222 395 1863
222 143 1772
223 687 1648
223 587 113
223 43 1258
223 940 1869
224 483 724
224 922 433
224 705 1383
224 292 464
225 215 1822
225 860 978
225 459 812
225 226 2116
226 126 480
226 28 830
226 46 613
226 241 1171
227 264 930
227 894 1535
227 326 454
227 437 523
228 248 665
228 536 367
228 314 446
228 3 1050
229 375 825
229 499 784
229 582 687
229 178 841
230 72 890
230 582 1706
230 544 796
230 207 848
231 29 968
231 591 639
231 321 882
231 80 1443
232 551 784
232 316 1216
232 15 1110
232 71 835
233 943 252
233 342 1535
233 61 2001
233 390 1138
234 155 1648
234 17 1456
234 239 1032
234 818 864
235 739 961
235 499 597
235 441 2005
235 754 728
236 524 1036
236 233 838
236 338 2006
236 793 771
237 308 1126
237 108 730
237 815 1497
237 615 1404
238 34 1176
238 906 366
238 594 637
238 318 1212
239 820 532
239 305 1317
239 179 250
239 393 881
240 746 405
240 267 1014
240 960 1140
240 74 1266
241 969 1639
241 178 1144
241 400 1485
241 18 1723
242 875 1514
242 259 796
242 679 1260
242 423 876
243 251 1385
243 442 731
243 848 1089
243 764 1096
244 500 771
244 342 545
244 181 656
244 880 765
245 272 1573
245 393 1433
245 291 1535
245 601 1351
246 318 1110
246 714 1194
246 434 1874
246 822 302
247 863 468
247 546 1161
247 107 1176
247 911 954
248 300 1543
248 895 1408
248 446 894
248 648 1333
249 354 1697
249 218 382
249 777 659
249 707 1673
250 590 1203
250 632 555
250 979 1077
250 657 883
251 887 1176
251 289 1096
251 442 1032
251 532 1375
252 517 1127
252 546 1528
252 673 1144
252 697 698
253 183 1508
253 425 190
253 507 1447
253 482 1325
254 675 1792
254 823 165
254 983 1928
254 895 1196
255 392 380
255 536 678
255 498 520
255 339 1814
256 247 564
256 311 524
256 465 697
256 190 534
257 268 468
257 675 965
257 272 590
257 387 829
258 772 409
258 652 1588
258 499 355
258 611 615
259 727 799
259 804 633
259 399 693
259 284 434
260 936 1669
260 254 966
260 584 1014
260 941 1446
261 833 943
261 670 624
261 840 1087
261 845 1071
262 856 1391
262 284 878
262 19 1957
262 683 1679
263 714 753
263 135 674
263 34 1291
263 118 1104
264 180 566
264 983 1357
264 382 907
264 639 1408
265 390 433
265 368 1500
265 675 1209
265 416 297
266 281 1403
266 835 623
266 141 368
266 637 1062
267 548 916
267 615 453
267 63 1211
267 128 819
268 87 615
268 654 663
268 716 330
268 42 1285
269 41 1190
269 226 1056
269 229 732
269 638 787
270 610 673
270 613 239
270 696 1621
270 327 1391
271 524 814
271 387 548
271 108 1416
271 602 1926
272 213 1554
272 509 1665
272 268 944
272 700 637
273 873 877
273 885 536
273 490 1051
273 677 202
274 554 900
274 67 2231
274 518 1839
274 620 1292
275 183 840
275 669 565
275 872 848
275 152 766
276 483 1098
276 271 1752
276 268 626
276 106 1320
277 722 799
277 128 605
277 54 583
277 997 1369
278 48 1653
278 578 341
278 550 976
278 171 883
279 540 936
279 141 804
279 167 116
279 265 164
280 15 1194
280 179 1082
280 740 571
280 130 634
281 712 782
281 877 1588
281 259 738
281 759 1238
282 373 1730
282 547 799
282 914 759
282 537 632
283 303 1319
283 634 1508
283 449 1163
283 611 1304
284 542 1252
284 317 213
284 804 408
284 981 871
285 161 1345
285 825 1746
285 524 1674
285 455 633
286 769 2209
286 752 179
286 31 1955
286 287 1678
287 159 279
287 320 1199
287 699 529
287 455 385
288 522 1548
288 758 469
288 674 657
288 851 1713
289 150 775
289 225 641
289 160 639
289 308 310
290 704 964
290 578 1138
290 236 403
290 342 899
291 262 1934
291 539 1301
291 921 1459
291 699 741
292 601 1057
292 802 640
292 951 815
292 315 484
293 201 626
293 506 679
293 617 700
293 555 790
294 178 1338
294 267 265
294 476 930
294 207 1281
295 316 554
295 195 683
295 709 244
295 698 964
296 617 398
296 891 734
296 170 2049
296 995 1367
297 518 744
297 922 1114
297 915 849
297 334 1525
298 195 760
298 265 672
298 314 1490
298 909 1264
299 252 1758
299 4 817
299 943 822
299 911 719
300 479 1540
300 256 1428
300 418 2272
300 791 1893
301 27 730
301 748 1365
301 34 1154
301 295 1041
302 468 1301
302 236 531
302 858 532
302 481 1035
303 895 1329
303 566 853
303 916 511
303 214 1622
304 181 1335
304 671 1070
304 60 1332
304 5 1001
305 67 1774
305 672 1261
305 89 1249
305 564 1714
306 215 2093
306 440 1188
306 545 1217
306 858 946
307 243 1293
307 684 1132
307 663 1464
307 109 1837
308 201 1104
308 1 1313
308 665 1073
308 85 1166
309 126 1901
309 876 1653
309 933 1530
309 796 1452
310 618 1501
310 689 1648
310 642 1459
310 869 1753
311 770 629
311 734 1449
311 229 734
311 46 862
312 982 889
312 98 1955
312 152 1285
312 882 190
313 257 216
313 532 276
313 78 897
313 684 1169
314 887 1250
314 149 522
314 771 875
314 137 1315
315 961 1314
315 866 1131
315 953 380
315 167 1249
316 983 2168
316 257 973
316 765 497
316 633 1082
317 203 975
317 378 884
317 110 301
317 860 646
318 135 1396
318 72 532
318 594 848
318 293 428
319 410 1475
319 2 915
319 190 1654
319 586 629
320 718 682
320 217 1472
320 960 1008
320 192 2000
321 939 792
321 639 849
321 560 1013
321 784 334
322 344 1707
322 842 1162
322 645 995
322 918 1020
323 262 574
323 643 384
323 162 678
323 492 531
324 970 1106
324 221 1082
324 33 790
324 525 1047
325 966 1185
325 965 864
325 26 1677
325 157 617
326 253 1280
326 113 1966
326 717 1644
326 790 492
327 580 1811
327 898 1252
327 115 171
327 431 1954
328 69 1745
328 193 1516
328 179 1685
328 357 170
329 142 370
329 759 706
329 592 1398
329 61 1343
330 783 1317
330 65 1016
330 835 241
330 91 1425
331 476 582
331 804 352
331 765 1477
331 599 579
332 878 300
332 365 951
332 578 604
332 711 883
333 810 1240
333 207 1549
333 59 1332
333 584 1137
334 96 427
334 100 832
334 861 1896
334 433 442
335 176 1229
335 528 350
335 512 821
335 555 1184
336 567 1592
336 729 1585
336 395 1668
336 874 1059
337 900 578
337 594 1027
337 818 624
337 349 796
338 886 1545
338 399 706
338 536 811
338 387 1850
339 673 546
339 216 1994
339 117 747
339 553 184
340 52 697
340 982 733
340 224 1052
340 597 1511
341 115 1630
341 17 761
341 866 1413
341 735 595
342 794 1926
342 283 1594
342 248 187
342 58 236
343 673 1190
343 808 584
343 294 1668
343 976 849
344 749 1226
344 984 1096
344 829 1256
344 381 1352
345 259 808
345 859 1349
345 443 1284
345 182 1532
346 482 1514
346 535 1698
346 61 2101
346 572 457
347 305 1980
347 942 1532
347 482 1102
347 529 1413
348 329 729
348 799 857
348 7 732
348 273 837
349 176 474
349 442 383
349 609 366
349 743 791
350 850 1528
350 855 1289
350 311 2071
350 779 1458
351 236 106
351 718 1181
351 576 661
351 873 1545
352 627 532
352 702 1479
352 312 1483
352 371 1107
353 868 1874
353 673 1286
353 12 1364
353 341 1879
354 162 1119
354 690 278
354 998 1465
354 907 769
355 689 1094
355 117 1639
355 751 1783
355 990 905
356 470 488
356 730 834
356 191 2193
356 851 1323
357 555 298
357 134 1170
357 315 378
357 193 1421
358 55 710
358 770 981
358 241 1360
358 982 956
359 476 1157
359 339 1536
359 928 1099
359 246 1057
360 496 1942
360 688 219
360 930 299
360 248 519
361 335 559
361 108 724
361 336 924
361 743 747
362 159 1190
362 590 1123
362 689 1188
362 514 1237
363 686 317
363 914 263
363 592 1415
363 262 941
364 452 591
364 310 465
364 853 701
364 286 1495
365 343 1373
365 157 867
365 247 324
365 462 1112
366 364 1145
366 701 1184
366 602 844
366 524 740
367 934 404
367 619 928
367 44 1334
367 130 1644
368 567 450
368 581 882
368 420 525
368 934 874
369 806 444
369 926 659
369 534 305
369 712 1333
370 708 159
370 764 553
370 903 835
370 87 672
371 551 580
371 833 1516
371 475 924
371 168 842
372 610 1125
372 337 992
372 77 1584
372 266 1395
373 522 354
373 148 1827
373 854 1097
373 360 340
374 269 1260
374 147 1771
374 426 886
374 402 1891
375 374 376
375 579 926
375 438 1004
375 745 170
376 910 2033
376 665 1699
376 197 894
376 351 378
377 594 1192
377 114 1430
377 980 1230
377 474 592
378 566 992
378 530 546
378 499 1267
378 282 423
379 424 915
379 386 1805
379 803 232
379 48 1710
380 505 1873
380 455 1293
380 245 1144
380 156 1129
381 718 1109
381 82 607
381 622 2022
381 145 1871
382 175 834
382 631 1225
382 704 430
382 496 1128
383 160 1121
383 774 712
383 682 237
383 361 955
384 278 1636
384 628 1246
384 872 539
384 603 282
385 877 861
385 250 380
385 573 1461
385 117 396
386 57 1130
386 701 214
386 22 398
386 44 641
387 95 823
387 603 1715
387 554 354
387 78 376
388 149 756
388 863 1035
388 893 289
388 807 767
389 602 1015
389 777 738
389 108 967
389 331 1082
390 482 775
390 67 1446
390 328 759
390 388 1492
391 81 1236
391 758 627
391 371 1446
391 651 1034
392 395 616
392 62 541
392 997 1824
392 16 1226
393 268 858
393 660 1925
393 314 1038
393 617 873
394 519 1332
394 590 1344
394 346 1249
394 642 1835
395 908 1893
395 588 1273
395 54 603
395 251 917
396 939 1940
396 684 181
396 29 1996
396 887 867
397 597 1967
397 676 354
397 532 748
397 830 1911
398 425 222
398 349 679
398 876 1112
398 701 132
399 791 1034
399 451 1967
399 491 1057
399 425 1286
400 438 643
400 387 1544
400 221 303
400 687 551
401 190 302
401 715 1220
401 991 1417
401 957 1195
402 237 1971
402 356 816
402 743 1589
402 981 1247
403 749 1351
403 657 723
403 870 1735
403 632 403
404 338 1062
404 339 854
404 633 879
404 455 310
405 26 758
405 150 950
405 45 706
405 781 808
406 619 572
406 507 869
406 889 1283
406 880 1958
407 234 523
407 454 868
407 655 622
407 20 549
408 890 421
408 788 790
408 906 800
408 599 866
409 137 711
409 544 1892
409 324 1323
409 198 117
410 50 1218
410 196 1366
410 80 1397
410 8 950
411 719 427
411 619 562
411 587 627
411 273 1147
412 290 1120
412 877 2012
412 719 1336
412 257 1533
413 490 612
413 70 2256
413 596 1734
413 189 1326
414 734 518
414 21 908
414 879 173
414 959 429
415 750 1514
415 669 1002
415 909 988
415 235 1986
416 620 793
416 440 899
416 157 803
416 995 1524
417 688 894
417 838 818
417 665 902
417 72 618
418 363 1360
418 785 2224
418 296 191
418 753 1755
419 719 1021
419 512 1061
419 885 1907
419 126 524
420 319 327
420 712 1610
420 98 431
420 733 193
421 574 1907
421 727 1122
421 230 1648
421 161 1273
422 373 1679
422 228 728
422 276 1006
422 704 694
423 458 422
423 541 970
423 268 1308
423 163 499
424 346 1611
424 545 1392
424 692 1571
424 42 1649
425 713 1613
425 729 840
425 780 1735
425 124 1202
426 347 893
426 602 913
426 319 963
426 843 551
427 211 1136
427 927 189
427 13 1796
427 658 796
428 909 485
428 192 1570
428 301 1254
428 218 206
429 151 989
429 535 1819
429 522 1416
429 427 1283
430 322 599
430 563 613
430 306 1535
430 269 778
431 748 952
431 980 1627
431 223 963
431 712 586
432 13 190
432 692 2000
432 128 875
432 412 1804
433 165 687
433 970 146
433 428 1177
433 899 792
434 774 1051
434 856 1529
434 426 875
434 336 1580
435 606 1224
435 94 1733
435 955 1062
435 440 1558
436 213 1433
436 621 810
436 262 1642
436 456 517
437 459 1342
437 334 1586
437 88 835
437 907 894
438 115 1582
438 349 1066
438 247 252
438 922 1597
439 225 607
439 786 1740
439 666 893
439 593 723
440 915 1635
440 224 1710
440 986 1491
440 430 1303
441 113 1895
441 3 1223
441 789 2018
441 506 1405
442 641 582
442 386 911
442 746 546
442 443 840
443 553 176
443 920 798
443 189 1184
443 219 1052
444 180 613
444 989 1575
444 247 1426
444 139 225
445 505 579
445 751 1327
445 384 369
445 175 500
446 236 1304
446 298 1394
446 160 633
446 90 1336
447 966 152
447 335 201
447 580 1227
447 723 688
448 110 1261
448 35 229
448 46 647
448 257 700
449 489 1762
449 741 654
449 85 1262
449 849 564
450 164 816
450 704 454
450 831 796
450 387 1182
451 699 1446
451 406 1199
451 533 956
451 913 2339
452 615 1430
452 584 1537
452 250 1272
452 572 1675
453 229 1153
453 63 445
453 838 696
453 848 1274
454 12 718
454 196 1790
454 267 1386
454 784 1187
455 864 1074
455 825 1140
455 193 782
455 405 139
456 537 703
456 389 1470
456 401 262
456 428 1606
457 843 397
457 845 1501
457 575 496
457 305 1494
458 548 809
458 700 1607
458 412 452
458 236 715
459 644 519
459 243 708
459 401 540
459 621 601
460 733 808
460 271 947
460 440 1294
460 611 375
461 214 1353
461 764 1324
461 393 1313
461 383 1776
462 201 1484
462 588 82
462 401 1756
462 145 574
463 882 257
463 688 1401
463 164 994
463 995 1284
464 655 1369
464 878 753
464 450 1018
464 562 1274
465 194 1096
465 250 1176
465 475 1258
465 255 1567
466 677 982
466 200 582
466 113 851
466 51 434
467 957 1458
467 50 677
467 343 1423
467 445 533
468 582 203
468 733 1934
468 172 1755
468 384 1701
469 793 839
469 931 162
469 297 626
469 768 1090
470 944 1519
470 995 329
470 972 91
470 770 827
471 114 1154
471 77 1284
471 336 1493
471 845 915
472 433 1865
472 744 731
472 870 540
472 956 1628
473 976 589
473 462 1002
473 387 1330
473 534 1434
474 38 1645
474 345 682
474 464 222
474 8 1579
475 773 1399
475 672 1272
475 110 1968
475 763 885
476 7 749
476 584 395
476 117 483
476 435 393
477 372 1645
477 916 1082
477 159 1377
477 316 1367
478 448 1876
478 166 1485
478 29 1669
478 923 1777
479 230 1284
479 997 1528
479 457 1116
479 780 185
480 673 1276
480 89 920
480 737 1276
480 473 891
481 702 1822
481 58 1647
481 610 1059
481 932 1024
482 539 637
482 509 1293
482 61 768
482 516 959
483 699 704
483 980 402
483 873 1272
483 438 1150
484 589 557
484 246 1297
484 995 977
484 233 500
485 939 676
485 806 1127
485 344 945
485 799 1036
486 677 824
486 796 1634
486 833 1201
486 951 253
487 986 1336
487 736 1579
487 947 844
487 938 805
488 682 1021
488 431 459
488 702 774
488 529 363
489 462 1370
489 405 913
489 337 783
489 921 1533
490 94 1653
490 167 1590
490 933 973
490 605 1586
491 321 305
491 11 1268
491 893 647
491 842 984
492 576 615
492 919 789
492 180 322
492 28 920
493 113 806
493 379 1437
493 642 1166
493 416 1813
494 196 850
494 553 1882
494 970 1646
494 424 1936
495 144 920
495 525 314
495 740 436
495 928 1156
496 244 1426
496 592 108
496 580 1892
496 966 1029
497 883 522
497 309 1343
497 121 1037
497 960 1234
498 708 1184
498 853 742
498 491 1399
498 856 805
499 956 551
499 862 1107
499 199 437
499 169 996
500 222 510
500 875 1125
500 712 805
500 848 1370
501 386 1819
501 706 358
501 682 1268
501 239 120
502 606 1208
502 492 1014
502 459 236
502 105 1625
503 269 1105
503 708 1778
503 691 1074
503 753 749
504 934 1556
504 556 222
504 46 1680
504 790 980
505 834 868
505 618 1702
505 879 913
505 4 1496
506 254 1718
506 397 644
506 54 1432
506 805 1438
507 373 1744
507 631 1618
507 232 777
507 769 1496
508 571 1813
508 850 1751
508 456 498
508 710 1898
509 68 385
509 493 437
509 616 534
509 487 1335
510 74 1623
510 337 179
510 429 1784
510 336 970
511 244 944
511 11 1643
511 710 487
511 25 1632
512 328 1720
512 168 742
512 1000 683
512 681 1312
513 221 765
513 474 734
513 853 1291
513 167 481
514 389 202
514 24 1202
514 308 634
514 965 1527
515 952 1598
515 975 931
515 604 777
515 859 1158
516 224 975
516 150 1917
516 898 1910
516 796 178
517 569 1451
517 345 1082
517 470 1325
517 598 1489
518 224 1921
518 986 281
518 633 681
518 458 547
519 123 842
519 615 1630
519 309 485
519 763 1357
520 1 807
520 82 870
520 484 1029
520 731 417
521 871 849
521 953 1379
521 164 884
521 797 1658
522 284 831
522 636 667
522 2 1377
522 554 1778
523 970 1061
523 260 1216
523 537 911
523 46 1314
524 141 871
524 335 1273
524 637 1523
524 9 705
525 3 1270
525 59 1112
525 58 1893
525 163 1872
526 311 876
526 142 590
526 366 288
526 372 1122
527 460 593
527 924 1720
527 150 1480
527 279 1711
528 31 1192
528 145 1441
528 595 322
528 751 1753
529 995 1438
529 79 1165
529 30 1464
529 198 1179
530 661 1629
530 700 726
530 900 826
530 794 841
531 542 1565
531 853 1743
531 223 961
531 240 953
532 366 501
532 855 865
532 561 809
532 943 478
533 926 590
533 33 1051
533 712 1290
533 999 719
534 828 596
534 309 466
534 347 1269
534 911 450
535 617 1099
535 411 1386
535 508 1930
535 931 1254
536 72 1591
536 539 1139
536 443 1036
536 1 549
537 804 932
537 999 502
537 10 1621
537 944 1228
538 587 1384
538 714 504
538 713 1021
538 853 1315
539 473 896
539 242 1034
539 767 1497
539 412 1512
540 71 306
540 226 757
540 235 1793
540 976 597
541 633 1291
541 203 1100
541 783 941
541 679 1052
542 497 973
542 137 1257
542 720 2355
542 419 176
543 72 1070
543 429 1473
543 698 481
543 816 506
544 273 558
544 206 1425
544 253 148
544 875 1312
545 572 532
545 161 1636
545 988 1614
545 457 441
546 622 604
546 980 208
546 732 1471
546 834 1399
547 330 886
547 815 1367
547 780 759
547 362 625
548 715 788
548 205 863
548 141 243
548 638 582
549 536 1158
549 631 1533
549 300 1101
549 78 591
550 346 1932
550 304 444
550 159 1098
550 543 917
551 445 1145
551 73 436
551 845 728
551 838 1433
552 85 941
552 17 1662
552 767 1464
552 854 428
553 845 1187
553 338 1190
553 123 746
553 138 835
554 688 1554
554 35 1640
554 513 981
554 107 1080
555 609 841
555 100 1156
555 977 1623
555 304 1760
556 862 1670
556 805 1769
556 258 1556
556 927 1587
557 162 1138
557 823 884
557 60 979
557 477 588
558 631 783
558 73 953
558 617 673
558 865 1441
559 870 543
559 428 1245
559 493 1176
559 254 1287
560 666 1904
560 692 845
560 557 1251
560 612 1789
561 474 1315
561 700 1070
561 821 1212
561 43 401
562 828 1934
562 710 1862
562 597 1592
562 893 1499
563 926 1037
563 885 1351
563 124 896
563 248 1282
564 389 382
564 699 534
564 70 1074
564 573 806
565 82 451
565 496 1029
565 846 361
565 683 347
566 103 635
566 745 1021
566 16 355
566 547 568
567 54 1668
567 114 191
567 558 941
567 511 1716
568 393 1639
568 288 736
568 551 1896
568 802 1044
569 158 1475
569 107 1129
569 69 868
569 967 993
570 475 1899
570 158 804
570 336 1359
570 737 833
571 782 1595
571 964 1221
571 907 825
571 471 401
572 173 1474
572 668 1515
572 41 712
572 785 481
573 686 1152
573 931 1278
573 789 1278
573 958 687
574 187 504
574 43 1879
574 655 1604
574 169 1514
575 255 730
575 486 987
575 827 1443
575 389 243
576 657 1909
576 982 1351
576 846 1333
576 310 1769
577 483 1051
577 270 946
577 767 1789
577 243 1441
578 423 1855
578 74 1713
578 839 1107
578 177 1295
579 201 641
579 544 851
579 712 525
579 8 878
580 602 1911
580 164 664
580 770 842
580 883 1131
581 893 548
581 941 735
581 518 428
581 114 976
582 450 1203
582 991 1213
582 703 1505
582 255 1366
583 244 562
583 20 620
583 27 75
583 594 775
584 578 936
584 943 140
584 318 417
584 447 1032
585 372 1366
585 758 1329
585 851 410
585 26 1411
586 102 1006
586 674 535
586 683 1331
586 511 1522
587 47 946
587 547 1039
587 640 583
587 899 1033
588 499 1718
588 423 219
588 774 250
588 953 1875
589 864 1564
589 955 354
589 962 592
589 884 1000
590 951 1387
590 981 1398
590 947 1131
590 881 484
591 478 1288
591 982 407
591 526 760
591 428 851
592 352 1894
592 411 1036
592 711 2040
592 841 1746
593 932 452
593 303 760
593 424 873
593 914 352
594 334 1544
594 477 1230
594 115 373
594 597 1388
595 602 1666
595 95 1543
595 505 711
595 858 651
596 228 240
596 381 673
596 951 1001
596 632 1041
597 478 1895
597 310 360
597 712 409
597 409 1554
598 913 924
598 241 1612
598 142 970
598 268 668
599 41 680
599 912 442
599 53 1521
599 627 294
600 337 603
600 517 1107
600 37 1063
600 491 898
601 401 364
601 297 1163
601 643 1066
601 569 1217
602 613 1438
602 911 938
602 422 1660
602 546 719
603 976 646
603 719 1100
603 131 1515
603 262 918
604 301 1759
604 829 1521
604 563 1589
604 510 1277
605 907 1068
605 641 628
605 450 850
605 429 2127
606 239 1071
606 139 682
606 201 1054
606 499 1371
607 12 1533
607 4 482
607 717 660
607 649 1720
608 166 701
608 597 1417
608 690 887
608 538 1685
609 732 1387
609 311 1091
609 720 1173
609 293 327
610 953 888
610 1000 1185
610 188 479
610 480 818
611 251 1602
611 969 605
611 442 815
611 198 1144
612 259 1247
612 179 356
612 3 1946
612 997 2284
613 178 822
613 445 1364
613 106 781
613 829 332
614 581 1447
614 359 1394
614 576 1805
614 77 1096
615 694 908
615 620 466
615 346 1488
615 759 836
616 818 1095
616 114 691
616 418 1273
616 914 665
617 803 962
617 603 1167
617 581 890
617 925 1130
618 793 1456
618 665 1091
618 288 215
618 176 1384
619 191 1099
619 255 1471
619 762 597
619 517 478
620 830 1495
620 448 1664
620 286 428
620 990 2038
621 121 791
621 367 1117
621 773 228
621 386 1206
622 324 637
622 850 1872
622 693 2083
622 812 1505
623 142 1445
623 828 1553
623 812 486
623 513 1532
624 342 1317
624 546 937
624 118 896
624 724 1037
625 601 1549
625 425 216
625 21 839
625 246 1275
626 348 1475
626 208 906
626 93 1408
626 867 1550
627 708 1134
627 746 511
627 671 588
627 280 523
628 56 823
628 461 1724
628 467 589
628 944 762
629 594 783
629 729 156
629 773 643
629 987 436
630 762 540
630 82 1431
630 220 993
630 175 219
631 118 1724
631 568 1427
631 856 970
631 279 1792
632 214 594
632 62 1250
632 462 1658
632 767 1799
633 487 742
633 344 553
633 593 1025
633 709 836
634 30 108
634 40 438
634 868 1850
634 749 1384
635 973 703
635 854 1270
635 379 732
635 833 1246
636 517 1330
636 35 786
636 308 698
636 994 669
637 873 493
637 993 744
637 688 1526
637 452 338
638 448 1528
638 122 557
638 245 622
638 356 1206
639 122 295
639 162 607
639 133 1151
639 942 1783
640 513 653
640 686 855
640 678 1714
640 853 1592
641 775 688
641 415 524
641 857 495
641 33 584
642 956 1647
642 226 1548
642 534 1551
642 906 684
643 761 1805
643 5 1039
643 861 1030
643 757 1355
644 544 1301
644 254 1217
644 467 1424
644 463 950
645 664 912
645 383 1061
645 656 968
645 625 780
646 227 1374
646 697 609
646 717 677
646 548 203
647 169 937
647 36 574
647 901 697
647 162 650
648 874 746
648 474 832
648 768 1119
648 287 985
649 292 1306
649 731 684
649 138 922
649 667 971
650 520 285
650 18 646
650 414 393
650 864 1131
651 79 570
651 629 702
651 981 530
651 803 1076
652 985 1523
652 362 1092
652 710 952
652 616 1429
653 909 621
653 957 745
653 44 1068
653 681 1618
654 582 970
654 340 868
654 554 1066
654 262 1151
655 846 632
655 885 1589
655 866 1386
655 177 1068
656 543 1300
656 785 409
656 230 665
656 980 863
657 831 1803
657 747 1558
657 74 1399
657 567 1581
658 401 783
658 210 690
658 974 845
658 724 443
659 405 1075
659 437 1614
659 671 943
659 554 989
660 475 2676
660 784 1447
660 639 1278
660 696 1830
661 257 1523
661 403 1804
661 689 543
661 229 1796
662 107 725
662 371 1860
662 541 865
662 119 773
663 136 637
663 345 570
663 766 537
663 935 1418
664 186 566
664 177 1068
664 868 983
664 775 465
665 525 761
665 863 425
665 1000 1425
665 933 1196
666 938 933
666 383 2197
666 975 963
666 714 1764
667 141 565
667 70 1413
667 585 1333
667 949 429
668 553 1312
668 123 1521
668 964 1170
668 91 297
669 108 1613
669 717 1802
669 191 1818
669 254 303
670 130 902
670 388 1095
670 721 515
670 364 865
671 486 731
671 565 643
671 152 650
671 213 781
672 277 1324
672 932 754
672 360 1402
672 9 511
673 745 142
673 886 688
673 276 1399
673 209 1147
674 374 1276
674 996 831
674 504 1316
674 911 768
675 21 865
675 182 1347
675 177 1464
675 262 1171
676 32 606
676 337 1311
676 287 1291
676 786 1837
677 779 1197
677 398 446
677 509 700
677 312 1187
678 629 645
678 17 1980
678 589 1775
678 392 959
679 685 694
679 671 1195
679 818 1542
679 158 310
680 676 1074
680 658 601
680 297 715
680 657 1330
681 6 1362
681 342 1178
681 349 805
681 165 725
682 375 1520
682 419 1404
682 543 851
682 634 131
683 329 867
683 283 756
683 330 1471
683 317 1018
684 209 1603
684 448 2053
684 796 1192
684 374 1101
685 3 643
685 878 647
685 619 313
685 488 847
686 205 1158
686 995 842
686 210 410
686 618 435
687 308 657
687 206 1548
687 97 1310
687 111 1716
688 818 1546
688 284 785
688 224 1357
688 185 1153
689 858 877
689 434 773
689 891 864
689 132 826
690 60 1371
690 727 428
690 110 1209
690 593 943
691 234 301
691 888 773
691 173 749
691 277 501
692 949 611
692 9 356
692 228 1283
692 202 317
693 530 994
693 450 961
693 339 1415
693 619 1421
694 911 527
694 425 1528
694 170 716
694 508 466
695 31 896
695 276 1574
695 687 1520
695 539 745
696 604 1576
696 665 609
696 371 816
696 685 1292
697 110 725
697 175 865
697 178 532
697 617 333
698 855 799
698 827 1118
698 466 263
698 428 1272
699 789 773
699 203 605
699 279 792
699 82 597
700 487 1146
700 652 1353
700 905 1408
700 987 1053
701 683 1489
701 327 558
701 302 1012
701 652 1939
702 583 695
702 666 1924
702 113 1742
702 88 926
703 974 946
703 429 892
703 881 1020
703 395 1588
704 760 757
704 221 163
704 506 1069
704 568 1764
705 828 2018
705 744 1829
705 422 1203
705 2 1164
706 73 773
706 673 1513
706 223 1467
706 581 1114
707 547 558
707 775 881
707 451 717
707 429 821
708 680 1495
708 586 1519
708 848 1336
708 594 1236
709 951 1482
709 542 553
709 86 199
709 511 246
710 853 365
710 56 881
710 891 741
710 99 1669
711 930 747
711 243 169
711 911 456
711 969 351
712 96 1070
712 182 661
712 82 567
712 928 340
713 268 1367
713 422 1075
713 844 458
713 608 752
714 27 943
714 314 1194
714 122 639
714 763 1475
715 939 1236
715 391 812
715 25 1710
715 26 1191
716 31 1366
716 326 702
716 339 665
716 239 410
717 920 1583
717 514 1237
717 374 1259
717 817 1274
718 522 1548
718 929 274
718 495 249
718 791 866
719 277 615
719 280 587
719 943 544
719 662 1225
720 347 1652
720 722 1500
720 466 1218
720 570 752
721 426 1001
721 121 693
721 607 1454
721 133 425
722 570 769
722 662 1307
722 328 1639
722 878 1425
723 133 672
723 501 1189
723 499 532
723 191 1059
724 358 1040
724 758 477
724 343 461
724 575 622
725 819 739
725 397 922
725 836 1304
725 398 1474
726 586 1691
726 124 1203
726 474 1726
726 554 1840
727 257 411
727 375 416
727 381 1028
727 36 981
728 894 985
728 847 354
728 424 1431
728 92 1844
729 160 876
729 49 1107
729 495 1337
729 166 1274
730 252 623
730 308 799
730 187 1284
730 341 535
731 338 1194
731 694 947
731 819 997
731 248 753
732 744 1523
732 125 2266
732 838 1822
732 54 928
733 606 1081
733 959 425
733 209 1111
733 995 510
734 292 702
734 123 1184
734 687 888
734 526 682
735 227 811
735 21 1262
735 447 188
735 216 1021
736 492 905
736 833 1697
736 718 1005
736 840 1313
737 765 1869
737 24 1398
737 539 845
737 111 1282
738 533 1657
738 1 1572
738 811 1150
738 889 1239
739 163 1027
739 928 1142
739 587 1196
739 874 1475
740 395 1156
740 961 541
740 764 591
740 215 874
741 555 962
741 339 1752
741 21 238
741 125 1359
742 50 2168
742 122 1765
742 822 1291
742 368 1420
743 712 1228
743 971 389
743 758 168
743 494 754
744 123 968
744 503 1036
744 824 523
744 984 1217
745 7 1168
745 614 610
745 26 1620
745 518 1798
746 648 269
746 315 930
746 823 956
746 535 1310
747 117 1401
747 712 519
747 274 1460
747 77 1143
748 369 1586
748 542 910
748 326 166
748 355 219
749 871 2176
749 395 1913
749 455 1043
749 78 972
750 335 380
750 741 1954
750 187 1598
750 990 1653
751 511 2022
751 33 1441
751 187 597
751 123 1111
752 467 2135
752 501 1439
752 865 370
752 185 876
753 158 372
753 154 1480
753 658 719
753 439 538
754 245 1091
754 214 769
754 369 525
754 128 676
755 555 1752
755 601 1447
755 573 179
755 367 1868
756 919 606
756 81 1096
756 916 1410
756 304 1979
757 97 786
757 627 1196
757 961 1037
757 924 2230
758 471 1131
758 806 255
758 63 412
758 124 522
759 498 1626
759 993 467
759 284 930
759 612 977
760 901 603
760 870 562
760 808 1103
760 672 1087
761 798 2165
761 934 2322
761 468 166
761 713 1544
762 927 814
762 37 523
762 437 1280
762 44 925
763 584 964
763 740 560
763 82 197
763 953 1037
764 882 620
764 789 958
764 410 198
764 517 1076
765 707 1362
765 917 1665
765 222 1523
765 151 1187
766 480 536
766 84 1201
766 261 974
766 414 706
767 743 1209
767 961 1561
767 277 1061
767 503 1441
768 115 1229
768 350 894
768 122 1474
768 420 1478
769 879 724
769 697 1034
769 581 526
769 1000 517
770 50 1565
770 404 511
770 139 1193
770 724 744
771 342 1349
771 588 1519
771 861 1355
771 674 1526
772 324 1175
772 396 1105
772 764 1427
772 498 1955
773 48 1142
773 380 1097
773 113 1102
773 395 999
774 567 661
774 444 98
774 917 1503
774 386 89
775 823 756
775 522 1105
775 497 364
775 855 319
776 237 1890
776 171 599
776 986 1278
776 693 221
777 663 1770
777 788 489
777 705 1418
777 143 1052
778 629 417
778 292 1132
778 81 1641
778 51 486
779 656 1727
779 838 1400
779 770 911
779 702 734
780 724 1182
780 18 1507
780 506 1106
780 347 1461
781 94 876
781 805 156
781 306 1502
781 597 771
782 831 2200
782 971 1855
782 459 1114
782 698 1222
783 478 1514
783 891 474
783 401 1462
783 182 1146
784 192 1477
784 320 921
784 492 653
784 971 889
785 357 973
785 161 1664
785 165 1319
785 487 1718
786 437 700
786 256 897
786 123 1294
786 679 1537
787 595 635
787 270 1364
787 303 415
787 915 1108
788 60 1521
788 669 1134
788 581 1513
788 289 1318
789 173 1699
789 839 1122
789 315 1080
789 109 1622
790 808 1721
790 892 1386
790 146 685
790 404 745
791 385 1145
791 613 1037
791 356 1530
791 84 1647
792 688 660
792 682 880
792 671 459
792 168 1377
793 125 329
793 209 865
793 298 2158
793 862 1586
794 923 1588
794 855 1273
794 908 761
794 177 1633
795 649 763
795 85 660
795 617 363
795 754 1401
796 827 473
796 937 2031
796 557 825
796 78 598
797 334 1718
797 388 687
797 574 812
797 159 191
798 190 1349
798 527 77
798 574 355
798 922 269
799 602 1373
799 777 1077
799 319 1102
799 975 739
800 747 1621
800 873 1777
800 51 1442
800 939 1798
801 465 1235
801 611 1562
801 237 1780
801 185 1259
802 725 421
802 89 961
802 130 1255
802 961 1055
803 721 727
803 21 1090
803 328 524
803 315 680
804 515 1248
804 716 1161
804 55 460
804 8 903
805 927 1099
805 629 1054
805 840 1585
805 353 1901
806 219 1863
806 305 1518
806 786 1755
806 588 1079
807 972 294
807 49 500
807 580 1498
807 57 790
808 285 1899
808 397 381
808 368 706
808 971 279
809 994 1709
809 601 362
809 567 1301
809 918 923
810 141 569
810 530 225
810 802 912
810 817 421
811 334 1531
811 399 215
811 497 593
811 490 1339
812 508 1782
812 924 225
812 830 1596
812 97 1505
813 165 1088
813 363 955
813 120 1660
813 837 1072
814 120 1209
814 734 472
814 791 1384
814 92 1075
815 11 2093
815 527 1659
815 126 1342
815 722 2090
816 733 1497
816 70 337
816 895 918
816 541 1168
817 480 1341
817 110 1159
817 49 950
817 140 805
818 839 248
818 742 1066
818 406 1618
818 683 346
819 243 1650
819 503 1586
819 832 1650
819 172 1602
820 410 831
820 494 2090
820 422 321
820 12 1173
821 217 991
821 567 509
821 657 1033
821 899 1330
822 187 1527
822 922 1528
822 536 239
822 752 1771
823 308 1223
823 828 2271
823 242 1547
823 209 644
824 231 1080
824 846 478
824 680 959
824 198 1252
825 718 1361
825 875 1839
825 523 961
825 446 1537
826 603 1540
826 710 926
826 64 1149
826 426 1119
827 647 1650
827 425 2188
827 162 1874
827 586 1367
828 113 644
828 414 1323
828 616 1325
828 384 1388
829 472 1457
829 304 1415
829 253 1095
829 611 662
830 60 1552
830 934 2152
830 3 1781
830 899 480
831 936 197
831 574 927
831 36 525
831 736 1003
832 929 1813
832 654 1055
832 577 1343
832 173 326
833 185 1345
833 661 844
833 763 1485
833 15 1811
834 991 994
834 876 511
834 791 717
834 373 1622
835 43 1716
835 292 200
835 59 1703
835 337 1185
836 213 1127
836 132 589
836 320 1508
836 318 1285
837 517 867
837 357 1018
837 636 537
837 73 707
838 67 1513
838 901 572
838 31 97
838 404 991
839 515 586
839 770 1325
839 317 1383
839 511 327
840 873 1178
840 375 1663
840 11 720
840 461 1477
841 280 938
841 333 1028
841 902 831
841 62 1270
842 122 599
842 5 1071
842 97 1008
842 878 1247
843 337 331
843 591 556
843 837 229
843 991 501
844 106 884
844 953 435
844 39 1055
844 613 565
845 504 1939
845 388 1082
845 379 1742
845 196 2177
846 415 1330
846 893 534
846 569 883
846 968 810
847 640 1183
847 771 995
847 646 870
847 903 1785
848 178 933
848 620 2157
848 421 1693
848 567 852
849 71 1113
849 153 843
849 800 963
849 674 979
850 16 1487
850 953 1639
850 261 550
850 45 1043
851 349 1248
851 98 2081
851 730 663
851 173 1378
852 317 1036
852 864 1703
852 900 711
852 684 1958
853 233 1879
853 296 702
853 985 1893
853 253 945
854 619 1410
854 735 709
854 837 745
854 617 643
855 25 1384
855 224 1576
855 100 566
855 331 1190
856 546 1095
856 525 1384
856 396 1786
856 1 721
857 837 314
857 537 624
857 67 1058
857 813 825
858 714 874
858 521 887
858 212 1314
858 781 624
859 385 893
859 678 1618
859 680 1454
859 296 929
860 271 801
860 550 1346
860 832 1400
860 621 350
861 531 1248
861 692 915
861 255 700
861 515 1074
862 399 737
862 44 1097
862 791 390
862 484 956
863 747 909
863 864 1418
863 888 404
863 853 1413
864 454 1752
864 633 1514
864 213 221
864 383 1376
865 288 686
865 507 811
865 38 1470
865 287 1500
866 71 1160
866 455 674
866 589 1530
866 691 355
867 484 917
867 392 1268
867 633 1254
867 587 1464
868 90 1422
868 689 1705
868 486 1793
868 187 1241
869 102 1455
869 479 1053
869 939 1671
869 211 891
870 92 1602
870 460 1317
870 174 1659
870 653 1636
871 405 1182
871 372 1324
871 883 1684
871 383 1447
872 786 1510
872 464 979
872 46 1133
872 326 1106
873 802 1418
873 780 1107
873 503 1807
873 400 130
874 255 1532
874 350 1988
874 347 1586
874 393 690
875 91 584
875 669 390
875 693 387
875 654 786
876 800 1476
876 266 893
876 5 583
876 700 1217
877 640 332
877 243 1428
877 808 1598
877 190 466
878 671 1083
878 689 1301
878 139 1544
878 994 1765
879 711 774
879 566 362
879 571 857
879 701 987
880 601 1828
880 26 710
880 218 1700
880 216 472
881 941 1063
881 1000 1089
881 971 1448
881 450 601
882 576 1645
882 442 1032
882 947 1025
882 694 1432
883 374 1146
883 361 353
883 557 722
883 616 479
884 731 1198
884 596 1501
884 295 1820
884 630 1059
885 838 641
885 73 1863
885 481 1691
885 634 512
886 833 1968
886 843 1129
886 767 2218
886 867 1801
887 536 1090
887 385 506
887 626 1376
887 195 1236
888 56 189
888 120 641
888 12 559
888 249 809
889 598 1622
889 103 630
889 547 1321
889 578 1692
890 327 1402
890 786 848
890 986 1438
890 713 820
891 80 1318
891 202 929
891 992 395
891 698 589
892 907 818
892 337 782
892 588 1621
892 914 499
893 456 1181
893 468 944
893 98 1338
893 400 560
894 581 745
894 194 1050
894 305 1792
894 814 443
895 331 956
895 389 1191
895 74 1454
895 869 865
896 268 1369
896 88 1057
896 952 436
896 620 228
897 520 957
897 956 1055
897 601 1419
897 613 1250
898 271 1955
898 757 1997
898 119 1333
898 993 1368
899 687 697
899 106 629
899 597 387
899 713 1229
900 110 415
900 849 721
900 718 1159
900 130 494
901 705 2480
901 946 1607
901 884 1514
901 129 279
902 295 1485
902 785 480
902 55 675
902 496 2117
903 668 653
903 380 1775
903 529 1404
903 274 1668
904 479 1192
904 281 1667
904 735 1203
904 137 503
905 618 1032
905 967 2067
905 526 742
905 694 1235
906 221 770
906 175 296
906 397 1160
906 711 806
907 588 907
907 767 947
907 414 335
907 317 242
908 628 1760
908 976 1152
908 605 1866
908 789 1020
909 654 502
909 344 837
909 770 771
909 30 882
910 139 2085
910 606 1597
910 626 1173
910 583 1157
911 457 421
911 477 846
911 531 341
911 629 1099
912 473 1215
912 89 899
912 181 1842
912 458 1549
913 312 476
913 500 1482
913 819 1284
913 633 779
914 952 976
914 329 236
914 711 902
914 551 696
915 788 1645
915 629 1139
915 416 1560
915 320 1553
916 640 1008
916 922 1259
916 910 1324
916 690 1153
917 796 720
917 59 1569
917 455 1097
917 839 1973
918 706 1444
918 899 1042
918 403 1114
918 80 925
919 606 1142
919 848 1200
919 272 1464
919 525 1201
920 216 2331
920 445 1907
920 698 1095
920 360 2091
921 831 1678
921 559 1818
921 100 714
921 785 1267
922 488 1736
922 153 1670
922 497 1048
922 339 1466
923 755 354
923 961 627
923 430 1364
923 402 187
924 45 338
924 554 1941
924 988 1490
924 836 450
925 642 418
925 400 1031
925 32 1064
925 549 1332
926 8 1264
926 968 720
926 670 306
926 263 1045
927 632 261
927 834 1417
927 261 895
927 136 1088
928 834 434
928 619 1183
928 98 1881
928 34 1561
929 109 1564
929 984 1601
929 753 315
929 284 910
930 961 1410
930 213 421
930 563 799
930 500 1087
931 989 1174
931 615 1492
931 113 672
931 580 1154
932 895 508
932 953 837
932 938 864
932 794 796
933 527 1538
933 363 937
933 436 1702
933 370 814
934 344 1762
934 990 1649
934 632 1207
934 275 2027
935 930 556
935 232 941
935 308 663
935 823 1332
936 377 1654
936 827 2051
936 183 1706
936 662 911
937 461 1673
937 99 1872
937 815 2444
937 14 1931
938 741 1848
938 264 1564
938 881 808
938 588 1843
939 516 1620
939 993 1140
939 415 590
939 439 1428
940 959 1209
940 928 500
940 52 1288
940 323 1394
941 846 996
941 340 1570
941 223 1724
941 118 1695
942 420 2153
942 897 1956
942 725 1044
942 188 1646
943 800 916
943 511 1461
943 367 615
943 768 1367
944 100 833
944 748 669
944 933 1477
944 337 935
945 642 1134
945 486 1312
945 329 642
945 283 622
946 3 1853
946 424 810
946 763 1193
946 941 1673
947 58 1120
947 262 922
947 533 656
947 617 896
948 71 983
948 453 799
948 744 688
948 82 534
949 611 401
949 623 1408
949 127 128
949 143 1483
950 218 194
950 122 1873
950 430 1533
950 726 364
951 868 1739
951 133 1161
951 167 1566
951 10 724
952 858 1176
952 132 2353
952 809 727
952 357 713
953 281 2035
953 565 1219
953 377 636
953 222 279
954 701 1873
954 20 1470
954 524 1822
954 452 159
955 211 1571
955 694 605
955 649 1687
955 961 1038
956 440 1460
956 125 1753
956 939 1528
956 917 192
957 914 927
957 850 528
957 713 1369
957 217 1473
958 824 729
958 431 1484
958 840 304
958 108 1012
959 741 664
959 689 329
959 426 464
959 290 338
960 500 1605
960 201 969
960 197 1897
960 243 2126
961 839 673
961 836 1081
961 648 487
961 651 1125
962 621 591
962 353 1537
962 129 1416
962 767 1799
963 838 837
963 752 1092
963 528 1002
963 442 416
964 400 1188
964 744 382
964 365 1087
964 771 1364
965 625 1710
965 24 574
965 621 787
965 488 1106
966 20 654
966 265 893
966 25 1292
966 811 414
967 570 1931
967 888 837
967 60 1497
967 73 759
968 448 1515
968 59 1558
968 668 1449
968 192 1219
969 414 1000
969 19 2021
969 840 1146
969 941 602
970 198 592
970 606 1260
970 936 1676
970 787 1112
971 198 1489
971 734 698
971 941 775
971 123 1036
972 264 745
972 10 757
972 917 1233
972 72 1396
973 88 908
973 747 1077
973 588 1034
973 371 1603
974 259 789
974 75 1314
974 330 752
974 964 298
975 379 667
975 630 1282
975 210 505
975 592 1020
976 539 745
976 2 934
976 364 646
976 659 905
977 421 1000
977 253 750
977 467 187
977 102 566
978 416 957
978 522 1025
978 572 376
978 647 852
979 456 1247
979 79 1113
979 617 394
979 852 486
980 348 173
980 216 1174
980 928 1361
980 4 586
981 974 406
981 458 250
981 281 973
981 17 2096
982 398 1327
982 722 1071
982 357 658
982 612 1350
983 684 760
983 971 405
983 95 1985
983 671 850
984 193 465
984 695 2003
984 696 577
984 836 961
985 935 1784
985 547 1030
985 158 317
985 473 1404
986 553 1970
986 106 1912
986 157 1393
986 882 1596
987 595 680
987 647 419
987 913 1008
987 783 366
988 999 1029
988 168 263
988 317 1198
988 240 750
989 554 1401
989 664 367
989 956 1272
989 73 238
990 74 1145
990 343 966
990 117 1747
990 60 385
991 757 1664
991 302 474
991 734 597
991 464 1154
992 385 890
992 12 747
992 43 578
992 55 869
993 690 603
993 621 312
993 193 831
993 253 1262
994 717 1345
994 506 1279
994 6 86
994 267 2052
995 109 420
995 895 1211
995 454 1337
995 794 1484
996 122 891
996 844 807
996 225 769
996 863 683
997 730 1461
997 647 1395
997 303 1608
997 458 1145
998 467 434
998 770 980
998 876 405
998 499 1539
999 847 796
999 727 425
999 336 875
999 299 787
1000 475 2457
1000 807 856
1000 961 1321
1000 746 1327
